0 0.047619047619047616 0.15425531914893617 0.09523809523809523 0.30851063829787234
7 0.8154761904761905 0.6210106382978723 0.041666666666666664 0.0398936170212766
5 0.8459821428571429 0.7460106382978723 0.022321428571428572 0.2579787234042553
5 0.9010416666666666 0.660904255319149 0.01636904761904762 0.18882978723404256
5 0.8898809523809523 0.6077127659574468 0.020833333333333332 0.1356382978723404
4 0.7075892857142857 0.40824468085106386 0.01636904761904762 0.02925531914893617
4 0.6123511904761905 0.38563829787234044 0.013392857142857142 0.026595744680851064
5 0.33705357142857145 0.48138297872340424 0.013392857142857142 0.1595744680851064
7 0.03422619047619048 0.5598404255319149 0.06845238095238096 0.09308510638297872
5 0.4382440476190476 0.4574468085106383 0.00744047619047619 0.09574468085106383
5 0.5208333333333334 0.46808510638297873 0.011904761904761904 0.0851063829787234