0 0.16294642857142858 0.46941489361702127 0.18303571428571427 0.3377659574468085
1 0.7299107142857143 0.6396276595744681 0.06101190476190476 0.1622340425531915
7 0.44047619047619047 0.6981382978723404 0.37202380952380953 0.06648936170212766
5 0.8541666666666666 0.738031914893617 0.005952380952380952 0.06648936170212766
5 0.9523809523809523 0.7526595744680851 0.005952380952380952 0.0797872340425532
5 0.37202380952380953 0.8178191489361702 0.02976190476190476 0.2526595744680851
5 0.38467261904761907 0.6808510638297872 0.00744047619047619 0.06382978723404255
5 0.35342261904761907 0.6781914893617021 0.013392857142857142 0.11170212765957446
5 0.16145833333333334 0.6555851063829787 0.010416666666666666 0.07180851063829788
5 0.12202380952380952 0.6316489361702128 0.005952380952380952 0.05053191489361702
4 0.050595238095238096 0.45611702127659576 0.020833333333333332 0.02925531914893617