1 0.6019345238095238 0.25132978723404253 0.08779761904761904 0.1675531914893617
0 0.03273809523809524 0.11702127659574468 0.06547619047619048 0.19680851063829788
5 0.42857142857142855 0.5 0.008928571428571428 0.17553191489361702
5 0.4583333333333333 0.44813829787234044 0.008928571428571428 0.125
5 0.4494047619047619 0.41888297872340424 0.008928571428571428 0.09840425531914894
7 0.39880952380952384 0.44813829787234044 0.02976190476190476 0.034574468085106384
4 0.29538690476190477 0.28191489361702127 0.013392857142857142 0.026595744680851064
4 0.203125 0.26728723404255317 0.01636904761904762 0.02925531914893617
5 0.11011904761904762 0.3603723404255319 0.008928571428571428 0.08776595744680851
5 0.00818452380952381 0.363031914893617 0.00744047619047619 0.10372340425531915
7 0.7261904761904762 0.4747340425531915 0.026785714285714284 0.023936170212765957