0 0.20610119047619047 0.09973404255319149 0.09970238095238096 0.15691489361702127
1 0.6904761904761905 0.13962765957446807 0.07142857142857142 0.14095744680851063
5 0.5513392857142857 0.3470744680851064 0.004464285714285714 0.1622340425531915
5 0.578125 0.2898936170212766 0.004464285714285714 0.12234042553191489
5 0.5684523809523809 0.2526595744680851 0.005952380952380952 0.0851063829787234
5 0.2537202380952381 0.22340425531914893 0.004464285714285714 0.0797872340425532
5 0.17336309523809523 0.22739361702127658 0.010416666666666666 0.08776595744680851
5 0.07589285714285714 0.27925531914893614 0.023809523809523808 0.16489361702127658
4 0.41517857142857145 0.13297872340425532 0.011904761904761904 0.026595744680851064
4 0.3273809523809524 0.1276595744680851 0.01488095238095238 0.026595744680851064
7 0.5238095238095238 0.2925531914893617 0.026785714285714284 0.02127659574468085