0 0.2604166666666667 0.08776595744680851 0.09821428571428571 0.16489361702127658
1 0.7470238095238095 0.09574468085106383 0.08630952380952381 0.14361702127659576
4 0.3787202380952381 0.08111702127659574 0.013392857142857142 0.02925531914893617
4 0.4642857142857143 0.08244680851063829 0.011904761904761904 0.026595744680851064
5 0.6026785714285714 0.30319148936170215 0.005952380952380952 0.16489361702127658
5 0.6302083333333334 0.24202127659574468 0.004464285714285714 0.13297872340425532
5 0.6197916666666666 0.21010638297872342 0.00744047619047619 0.10638297872340426
7 0.5729166666666666 0.2393617021276596 0.041666666666666664 0.03723404255319149
5 0.3087797619047619 0.19946808510638298 0.004464285714285714 0.05319148936170213
5 0.23363095238095238 0.20079787234042554 0.008928571428571428 0.061170212765957445
5 0.14583333333333334 0.24468085106382978 0.020833333333333332 0.1595744680851064